f 1 13 2
f 13 1 6
f 2 3 1
f 6 1 4
f 4 1 5
f 382 167 1
f 382 1 3
f 382 3 143
f 15 168 360
f 387 144 15
f 387 15 360
f 145 364 161
f 17 162 389
f 2 145 161
f 2 161 3
f 388 146 17
f 388 17 389
f 383 365 165
f 18 166 386
f 5 147 383
f 4 5 383
f 165 4 383
f 384 148 18
f 384 18 386
f 366 177 6
f 6 4 149
f 366 6 149
f 20 178 374
f 385 150 20
f 385 20 374
f 1 7 9
f 1 9 10
f 5 1 8
f 8 1 10
f 9 29 30
f 10 9 30
f 7 1 151
f 7 151 355
f 21 7 355
f 152 21 355
f 169 9 7
f 23 170 391
f 7 23 391
f 169 7 391
f 163 5 8
f 356 163 8
f 356 8 19
f 356 19 164
f 10 22 8
f 9 153 353
f 29 9 353
f 29 353 358
f 210 29 358
f 392 154 45
f 392 45 209
f 30 173 354
f 10 30 354
f 351 175 10
f 351 10 354
f 174 24 176
f 2 13 11
f 13 6 12
f 13 12 14
f 13 14 62
f 62 63 13
f 368 159 2
f 368 2 11
f 368 11 16
f 375 368 16
f 375 16 160
f 12 6 155
f 12 155 369
f 26 12 369
f 156 26 369
f 13 25 11
f 61 183 372
f 13 61 372
f 179 13 372
f 378 179 372
f 27 180 395
f 184 27 395
f 185 14 12
f 28 186 381
f 12 28 381
f 185 12 381
f 14 157 373
f 62 14 373
f 269 62 373
f 379 158 78
f 380 379 78
f 456 380 78
f 456 78 270
f 367 145 2
f 367 2 159
f 394 160 16
f 394 16 17
f 394 17 146
f 143 3 161
f 17 15 144
f 162 17 144
f 147 5 163
f 361 164 19
f 19 18 148
f 361 19 148
f 149 4 165
f 18 20 150
f 166 18 150
f 15 16 23
f 23 16 19
f 17 16 15
f 19 16 18
f 20 18 16
f 23 7 21
f 151 1 167
f 168 15 21
f 21 152 357
f 168 21 357
f 19 8 22
f 9 169 352
f 153 9 352
f 23 45 154
f 390 170 23
f 390 23 154
f 172 46 24
f 393 172 24
f 24 174 407
f 24 407 408
f 393 24 408
f 173 30 171
f 176 24 22
f 363 176 22
f 362 363 22
f 362 22 10
f 362 10 175
f 23 21 15
f 23 19 22
f 23 22 24
f 45 23 46
f 46 23 24
f 16 11 25
f 155 6 177
f 178 20 26
f 26 156 376
f 178 26 376
f 180 27 25
f 377 180 25
f 25 13 179
f 377 25 179
f 28 12 26
f 27 184 396
f 182 77 27
f 182 27 396
f 183 61 181
f 157 14 185
f 28 78 158
f 186 28 158
f 16 25 27
f 20 16 26
f 28 26 16
f 16 27 80
f 28 16 80
f 30 29 31
f 30 31 32
f 32 31 34
f 31 33 35
f 34 31 36
f 32 188 397
f 32 397 359
f 171 30 32
f 171 32 359
f 187 46 172
f 31 29 189
f 31 189 398
f 401 213 31
f 401 31 398
f 403 190 47
f 403 47 214
f 211 32 34
f 402 211 34
f 399 402 34
f 399 34 48
f 399 48 212
f 33 31 191
f 33 191 400
f 49 33 400
f 192 49 400
f 33 193 217
f 33 217 35
f 430 194 51
f 430 51 218
f 36 50 34
f 31 35 40
f 36 31 40
f 40 35 37
f 36 40 38
f 38 40 39
f 38 195 415
f 36 38 415
f 413 215 36
f 413 36 415
f 52 216 431
f 196 52 431
f 416 221 37
f 35 197 416
f 35 416 37
f 436 198 53
f 436 53 222
f 219 38 39
f 39 199 409
f 39 409 411
f 219 39 411
f 54 220 437
f 200 54 437
f 40 37 201
f 410 225 40
f 410 40 201
f 56 226 419
f 202 56 419
f 39 40 42
f 40 41 43
f 42 40 43
f 42 43 44
f 44 43 93
f 93 43 95
f 223 39 42
f 417 223 42
f 421 417 42
f 421 42 55
f 421 55 224
f 41 40 203
f 41 203 422
f 57 41 422
f 204 57 422
f 44 58 42
f 41 205 229
f 41 229 43
f 206 59 230
f 93 233 423
f 44 93 423
f 440 227 44
f 440 44 423
f 234 60 228
f 94 43 207
f 329 94 207
f 208 112 330
f 189 29 210
f 45 47 190
f 426 209 45
f 426 45 190
f 188 32 211
f 46 187 427
f 46 427 404
f 48 46 404
f 405 212 48
f 405 48 404
f 191 31 213
f 214 47 49
f 49 192 406
f 214 49 406
f 49 51 194
f 49 194 432
f 33 49 432
f 193 33 432
f 48 34 50
f 216 52 50
f 433 216 50
f 433 50 36
f 433 36 215
f 45 46 48
f 47 45 49
f 45 48 50
f 49 45 53
f 53 45 50
f 35 217 414
f 197 35 414
f 51 53 198
f 428 218 51
f 428 51 198
f 195 38 219
f 220 54 52
f 52 196 429
f 220 52 429
f 412 201 37
f 412 37 221
f 434 222 53
f 56 202 434
f 56 434 53
f 199 39 223
f 54 200 435
f 55 54 435
f 420 224 55
f 420 55 435
f 51 49 53
f 53 50 52
f 53 52 54
f 53 54 55
f 53 55 58
f 56 53 57
f 418 203 40
f 418 40 225
f 226 56 57
f 226 57 204
f 55 42 58
f 57 59 206
f 57 206 446
f 57 446 442
f 41 57 442
f 205 41 442
f 228 60 58
f 447 228 58
f 443 447 58
f 443 58 44
f 443 44 227
f 424 207 43
f 43 229 441
f 424 43 441
f 444 230 59
f 546 444 59
f 59 112 208
f 546 59 208
f 60 234 445
f 60 445 547
f 232 111 60
f 232 60 547
f 233 93 231
f 53 58 112
f 57 53 112
f 59 57 112
f 112 58 60
f 112 60 111
f 61 13 64
f 64 13 67
f 67 13 63
f 67 63 65
f 64 67 66
f 67 65 68
f 64 235 450
f 64 450 370
f 181 61 64
f 181 64 370
f 77 182 487
f 236 77 487
f 63 62 237
f 63 237 451
f 273 63 451
f 238 79 274
f 271 64 66
f 448 271 66
f 452 448 66
f 452 66 80
f 454 452 80
f 454 80 272
f 65 63 239
f 65 239 453
f 81 65 453
f 81 453 455
f 240 81 455
f 67 82 66
f 281 84 282
f 279 281 282
f 65 242 280
f 65 280 68
f 84 281 243
f 244 84 243
f 282 244 243
f 282 243 241
f 282 241 279
f 68 69 67
f 69 71 67
f 67 72 70
f 71 76 67
f 72 67 76
f 70 245 459
f 67 70 459
f 463 276 67
f 463 67 459
f 246 463 459
f 246 459 275
f 246 275 277
f 246 277 247
f 248 83 278
f 68 250 464
f 69 68 464
f 465 287 69
f 460 465 69
f 460 69 464
f 460 464 467
f 460 467 288
f 460 288 290
f 460 290 252
f 460 252 249
f 251 85 289
f 283 70 72
f 466 283 72
f 253 475 466
f 466 72 254
f 254 479 468
f 466 254 468
f 253 466 468
f 253 468 284
f 253 284 286
f 253 286 256
f 255 86 285
f 477 296 71
f 480 477 71
f 480 71 69
f 257 476 473
f 257 473 295
f 480 69 257
f 258 480 257
f 259 258 257
f 259 257 295
f 259 295 297
f 260 87 298
f 76 71 73
f 72 76 74
f 76 73 75
f 76 75 99
f 99 100 76
f 73 71 262
f 73 262 471
f 89 73 471
f 89 471 483
f 264 89 483
f 469 481 263
f 469 263 261
f 292 72 74
f 478 292 74
f 472 478 74
f 482 470 472
f 472 74 88
f 482 472 88
f 472 470 474
f 88 294 484
f 482 88 484
f 293 482 484
f 472 474 291
f 472 291 293
f 472 293 484
f 76 90 74
f 73 265 301
f 73 301 75
f 515 266 91
f 515 91 302
f 100 305 512
f 76 100 512
f 299 76 512
f 92 300 516
f 306 92 516
f 75 267 513
f 99 75 513
f 485 337 99
f 485 99 513
f 561 268 117
f 561 117 338
f 371 237 62
f 371 62 269
f 79 238 488
f 78 79 488
f 270 78 488
f 235 64 271
f 77 236 489
f 80 77 489
f 272 80 489
f 449 239 63
f 449 63 273
f 274 79 81
f 274 81 240
f 80 66 82
f 243 84 244
f 241 243 244
f 461 242 65
f 492 461 65
f 492 65 81
f 496 492 81
f 496 81 84
f 244 496 84
f 244 84 243
f 241 244 243
f 241 243 494
f 241 494 490
f 241 490 457
f 275 67 276
f 497 278 83
f 497 83 82
f 277 275 276
f 493 497 82
f 493 82 67
f 462 493 67
f 276 462 67
f 276 67 275
f 277 276 275
f 277 275 458
f 277 458 491
f 277 491 495
f 80 27 77
f 78 28 80
f 79 78 80
f 81 79 80
f 84 81 80
f 80 82 83
f 250 68 280
f 84 85 251
f 84 251 498
f 252 500 504
f 504 282 84
f 504 84 498
f 504 498 502
f 252 504 502
f 252 502 281
f 252 281 279
f 252 279 249
f 245 70 283
f 285 86 83
f 499 285 83
f 503 499 83
f 247 503 83
f 247 83 248
f 246 247 248
f 505 501 286
f 505 286 284
f 505 284 246
f 505 246 248
f 257 69 287
f 87 260 508
f 85 87 508
f 506 289 85
f 506 85 508
f 506 508 290
f 506 290 288
f 506 288 258
f 506 258 259
f 254 72 292
f 86 255 507
f 88 86 507
f 509 294 88
f 509 88 507
f 256 509 507
f 256 507 293
f 256 293 291
f 256 291 253
f 80 83 88
f 84 80 88
f 85 84 88
f 88 83 86
f 87 85 88
f 262 71 296
f 298 87 89
f 298 89 264
f 263 297 295
f 263 295 261
f 89 91 266
f 89 266 517
f 73 89 517
f 73 517 510
f 265 73 510
f 88 74 90
f 300 92 90
f 518 300 90
f 518 90 76
f 511 518 76
f 511 76 299
f 267 75 301
f 91 117 268
f 91 268 519
f 302 91 519
f 92 306 520
f 303 118 92
f 303 92 520
f 100 304 486
f 305 100 486
f 89 87 88
f 91 89 88
f 88 90 92
f 91 88 92
f 117 91 92
f 117 92 118
f 43 94 96
f 95 43 109
f 109 43 96
f 95 109 97
f 97 109 105
f 109 96 98
f 231 93 95
f 438 231 95
f 95 307 536
f 95 536 439
f 438 95 439
f 308 111 232
f 327 95 97
f 541 327 97
f 540 541 97
f 540 97 113
f 540 113 328
f 96 94 309
f 522 331 96
f 522 96 309
f 114 332 537
f 310 114 537
f 98 96 116
f 105 115 97
f 349 109 98
f 98 311 543
f 349 98 543
f 312 127 350
f 99 101 102
f 100 99 102
f 102 101 103
f 102 103 106
f 102 110 104
f 101 99 313
f 335 101 313
f 314 119 336
f 102 316 525
f 102 525 304
f 102 304 100
f 315 118 303
f 103 101 121
f 345 106 103
f 103 317 563
f 345 103 563
f 318 124 346
f 339 102 104
f 526 339 104
f 526 104 120
f 526 120 340
f 110 122 104
f 105 109 107
f 106 107 109
f 108 110 109
f 102 106 109
f 110 102 109
f 548 333 105
f 105 107 319
f 548 105 319
f 320 123 334
f 321 533 343
f 125 344 553
f 107 106 321
f 343 107 321
f 322 125 553
f 529 528 347
f 126 348 554
f 529 347 108
f 108 109 323
f 529 108 323
f 324 126 554
f 559 341 110
f 559 110 108
f 530 559 108
f 530 108 325
f 326 128 342
f 307 95 327
f 111 308 544
f 113 111 544
f 538 328 113
f 538 113 544
f 521 309 94
f 425 521 94
f 425 94 329
f 114 310 545
f 112 114 545
f 330 112 545
f 113 97 115
f 332 114 116
f 96 331 539
f 116 96 539
f 332 116 539
f 334 123 115
f 549 334 115
f 549 115 105
f 549 105 333
f 116 127 312
f 116 312 550
f 98 116 550
f 311 98 550
f 112 111 113
f 112 113 115
f 114 112 116
f 115 127 112
f 127 116 112
f 127 115 123
f 336 119 121
f 101 335 556
f 121 101 556
f 336 121 556
f 99 337 524
f 555 313 99
f 514 555 99
f 514 99 524
f 119 314 557
f 117 119 557
f 338 117 557
f 102 339 527
f 316 102 527
f 118 315 562
f 118 562 558
f 120 118 558
f 120 558 560
f 340 120 560
f 121 124 318
f 121 318 565
f 103 121 565
f 317 103 565
f 566 342 128
f 566 128 122
f 566 122 110
f 564 566 110
f 564 110 341
f 120 104 122
f 119 117 120
f 120 117 118
f 121 119 120
f 124 121 120
f 120 122 128
f 542 319 107
f 542 107 343
f 123 320 551
f 551 344 125
f 123 551 125
f 106 345 532
f 531 321 106
f 531 106 532
f 534 346 124
f 534 124 125
f 534 125 322
f 325 108 347
f 128 326 535
f 126 128 535
f 348 126 535
f 523 323 109
f 523 109 349
f 127 126 324
f 127 324 552
f 350 127 552
f 127 123 125
f 125 124 127
f 128 126 127
f 124 120 127
f 128 127 120
f 153 352 351
f 153 351 354
f 353 153 354
f 163 356 355
f 163 355 151
f 163 151 167
f 147 163 167
f 383 147 167
f 383 167 382
f 152 355 356
f 357 152 356
f 357 356 164
f 129 357 164
f 129 164 361
f 358 353 354
f 358 354 173
f 358 173 171
f 359 358 171
f 129 360 168
f 129 168 357
f 129 361 148
f 148 384 135
f 148 135 129
f 362 130 363
f 391 130 362
f 391 362 175
f 169 391 175
f 352 169 175
f 352 175 351
f 176 363 130
f 131 407 174
f 176 130 131
f 174 176 131
f 149 165 365
f 145 367 366
f 149 365 364
f 145 366 149
f 364 145 149
f 368 369 155
f 368 155 177
f 177 366 367
f 159 368 177
f 159 177 367
f 156 369 368
f 376 156 368
f 376 368 375
f 373 372 183
f 269 373 183
f 269 183 181
f 181 370 371
f 269 181 371
f 394 132 374
f 394 374 178
f 160 394 178
f 375 160 178
f 375 178 376
f 133 377 179
f 133 179 378
f 372 373 157
f 378 372 157
f 378 157 185
f 133 378 185
f 133 185 381
f 134 379 380
f 133 381 186
f 158 379 134
f 134 133 186
f 134 186 158
f 143 161 364
f 143 364 365
f 365 383 382
f 143 365 382
f 135 384 386
f 374 132 385
f 135 386 166
f 150 385 132
f 135 166 150
f 132 135 150
f 360 129 387
f 135 388 389
f 135 389 162
f 135 162 144
f 129 135 144
f 387 129 144
f 390 154 392
f 131 390 392
f 130 391 170
f 130 170 390
f 131 130 390
f 426 427 187
f 426 187 172
f 209 426 172
f 393 131 392
f 172 393 392
f 209 172 392
f 132 394 146
f 135 132 146
f 388 135 146
f 395 180 377
f 133 395 377
f 134 396 184
f 134 184 395
f 133 134 395
f 210 358 359
f 189 210 359
f 397 398 189
f 359 397 189
f 402 399 400
f 402 400 191
f 402 191 213
f 401 402 213
f 211 402 401
f 188 211 401
f 398 397 188
f 398 188 401
f 405 404 403
f 405 403 214
f 406 405 214
f 212 405 406
f 192 400 399
f 212 406 192
f 399 212 192
f 407 131 408
f 131 393 408
f 201 412 411
f 410 201 411
f 409 410 411
f 219 411 412
f 219 412 221
f 416 415 195
f 195 219 221
f 416 195 221
f 197 414 413
f 416 197 413
f 416 413 415
f 223 417 418
f 223 418 225
f 410 409 199
f 199 223 225
f 410 199 225
f 203 418 417
f 417 421 422
f 203 417 422
f 224 420 419
f 224 419 226
f 204 422 421
f 224 226 204
f 421 224 204
f 207 424 423
f 438 137 425
f 231 438 425
f 231 425 329
f 233 231 329
f 233 329 207
f 233 207 423
f 425 137 521
f 190 403 404
f 427 426 190
f 427 190 404
f 215 413 414
f 215 414 217
f 193 432 433
f 215 217 193
f 433 215 193
f 431 430 218
f 428 429 196
f 431 218 428
f 431 428 196
f 430 431 216
f 194 430 216
f 433 432 194
f 433 194 216
f 436 437 220
f 198 436 220
f 429 428 198
f 429 198 220
f 202 419 420
f 434 202 420
f 434 420 435
f 437 436 222
f 434 435 200
f 434 200 437
f 434 437 222
f 137 438 439
f 205 442 443
f 227 440 441
f 227 441 229
f 227 229 205
f 443 227 205
f 137 439 536
f 424 441 440
f 423 424 440
f 446 447 443
f 442 446 443
f 546 547 445
f 444 546 445
f 447 446 206
f 447 206 230
f 228 447 230
f 444 445 234
f 234 228 230
f 444 234 230
f 451 450 235
f 273 451 235
f 273 235 271
f 271 448 449
f 273 271 449
f 237 371 370
f 237 370 450
f 237 450 451
f 239 449 448
f 239 448 452
f 239 452 453
f 452 454 455
f 452 455 453
f 134 380 456
f 240 455 454
f 489 488 238
f 489 238 274
f 272 489 274
f 454 272 274
f 454 274 240
f 241 457 458
f 459 460 249
f 279 241 458
f 279 458 275
f 249 279 275
f 249 275 459
f 242 461 462
f 463 464 250
f 280 242 462
f 280 462 276
f 250 280 276
f 250 276 463
f 283 466 465
f 245 283 465
f 460 459 245
f 460 245 465
f 284 468 467
f 246 284 467
f 464 463 246
f 464 246 467
f 287 465 466
f 257 287 466
f 257 466 475
f 257 475 476
f 288 467 468
f 258 288 468
f 258 468 479
f 258 479 480
f 295 473 474
f 470 469 261
f 261 295 474
f 470 261 474
f 296 477 478
f 472 471 262
f 262 296 478
f 472 262 478
f 291 474 473
f 476 475 253
f 253 291 473
f 476 253 473
f 292 478 477
f 480 479 254
f 254 292 477
f 480 254 477
f 470 482 481
f 469 470 481
f 472 484 483
f 471 472 483
f 305 486 485
f 512 305 485
f 513 512 485
f 487 182 396
f 134 487 396
f 488 489 236
f 270 488 236
f 270 236 487
f 456 270 487
f 456 487 134
f 457 490 491
f 457 491 458
f 461 492 493
f 461 493 462
f 494 495 491
f 490 494 491
f 496 497 493
f 492 496 493
f 495 494 243
f 502 503 247
f 281 502 247
f 281 247 277
f 281 277 495
f 281 495 243
f 497 496 244
f 504 505 248
f 282 504 248
f 282 248 278
f 282 278 497
f 282 497 244
f 499 498 251
f 506 507 255
f 289 506 255
f 499 251 289
f 285 499 289
f 285 289 255
f 501 500 252
f 508 509 256
f 290 508 256
f 501 252 290
f 286 501 290
f 286 290 256
f 498 499 503
f 498 503 502
f 500 501 505
f 500 505 504
f 263 481 482
f 507 506 259
f 293 507 259
f 293 259 297
f 482 293 297
f 482 297 263
f 264 483 484
f 509 508 260
f 294 509 260
f 294 260 298
f 484 294 298
f 484 298 264
f 265 510 511
f 512 513 267
f 301 265 511
f 301 511 299
f 267 301 299
f 267 299 512
f 140 514 524
f 510 517 518
f 510 518 511
f 516 515 302
f 519 520 306
f 302 519 306
f 516 302 306
f 515 516 300
f 518 517 266
f 300 518 266
f 515 300 266
f 561 562 315
f 561 315 303
f 520 519 268
f 268 561 303
f 520 268 303
f 309 521 137
f 522 309 137
f 522 137 138
f 539 331 522
f 138 539 522
f 323 523 139
f 136 529 323
f 139 136 323
f 337 485 486
f 337 486 304
f 525 140 524
f 304 525 524
f 337 304 524
f 339 526 141
f 527 339 141
f 527 141 140
f 525 316 527
f 140 525 527
f 325 347 528
f 325 528 136
f 142 530 325
f 136 142 325
f 136 528 529
f 530 142 559
f 321 531 142
f 136 533 321
f 142 136 321
f 142 531 532
f 542 343 533
f 136 542 533
f 553 554 348
f 535 534 322
f 553 348 535
f 553 535 322
f 327 541 138
f 137 536 307
f 137 307 327
f 138 137 327
f 539 138 540
f 539 540 328
f 332 539 328
f 537 332 328
f 537 328 538
f 540 138 541
f 139 548 319
f 319 542 136
f 319 136 139
f 139 523 349
f 139 349 543
f 310 537 538
f 310 538 544
f 545 310 544
f 547 546 208
f 547 208 330
f 232 547 330
f 545 544 308
f 308 232 330
f 545 308 330
f 311 550 549
f 543 311 549
f 543 549 333
f 139 543 333
f 139 333 548
f 334 549 550
f 334 550 312
f 334 312 350
f 334 350 552
f 320 334 552
f 320 552 551
f 554 553 344
f 551 552 324
f 344 551 324
f 554 344 324
f 141 556 335
f 313 555 140
f 140 141 335
f 140 335 313
f 514 140 555
f 558 557 314
f 560 558 314
f 560 314 336
f 141 560 336
f 141 336 556
f 559 142 532
f 341 559 532
f 341 532 345
f 564 341 345
f 564 345 563
f 141 526 340
f 141 340 560
f 562 561 338
f 562 338 557
f 562 557 558
f 317 565 566
f 563 317 566
f 563 566 564
f 534 535 326
f 346 534 326
f 346 326 342
f 566 565 318
f 346 342 566
f 346 566 318