v -0.8314695954322814941 -0.5555702447891235352 -1.0000000000000000000
v -0.5555702447891235352 -0.8314695954322814941 -1.0000000000000000000
v -0.7071067690849304199 -0.7071067690849304199 -1.0000000000000000000
v -0.6363960504531860352 -0.6363960504531860352 -0.9999998807907104492
v -0.7483225464820861816 -0.5000132322311401367 -0.9999998807907104492
v -0.5000132322311401367 -0.7483225464820861816 -0.9999998807907104492
v -0.9238795042037963867 -0.3826834559440612793 -1.0000000000000000000
v -0.8314915299415588379 -0.3444150686264038086 -0.9999998807907104492
v -0.9807852506637573242 -0.1950903236865997314 -1.0000000000000000000
v -0.8827067017555236816 -0.1755812913179397583 -0.9999998211860656738
v -0.3826834559440612793 -0.9238795042037963867 -1.0000000000000000000
v -0.3444150686264038086 -0.8314915299415588379 -0.9999998807907104492
v -0.1950903236865997314 -0.9807852506637573242 -1.0000000000000000000
v -0.1755812913179397583 -0.8827066421508789062 -0.9999998807907104492
v -0.8314695954322814941 -0.5555702447891235352 1.0000000000000000000
v -0.5555702447891235352 -0.8314695954322814941 1.0000000000000000000
v -0.7071067690849304199 -0.7071067690849304199 1.0000000000000000000
v -0.6363960504531860352 -0.6363960504531860352 1.0000002384185791016
v -0.7483226060867309570 -0.5000132322311401367 0.9999998211860656738
v -0.5000132322311401367 -0.7483226060867309570 1.0000002384185791016
v -0.9238795042037963867 -0.3826834559440612793 1.0000000000000000000
v -0.8314915299415588379 -0.3444150984287261963 0.9999998211860656738
v -0.9807852506637573242 -0.1950903236865997314 1.0000000000000000000
v -0.8827067017555236816 -0.1755812913179397583 0.9999998211860656738
v -0.3826834559440612793 -0.9238795042037963867 1.0000000000000000000
v -0.3444150984287261963 -0.8314915299415588379 1.0000002384185791016
v -0.1950903236865997314 -0.9807852506637573242 1.0000000000000000000
v -0.1755812913179397583 -0.8827067017555236816 0.9999998211860656738
v -1.0000000000000000000 0.0000000000000000000 -1.0000000000000000000
v -0.8999999165534973145 0.0000000000000000000 -0.9999998807907104492
v -0.9807852506637573242 0.1950903236865997314 -1.0000000000000000000
v -0.8827066421508789062 0.1755812913179397583 -0.9999998807907104492
v -0.9238795042037963867 0.3826834559440612793 -1.0000000000000000000
v -0.8314915299415588379 0.3444150686264038086 -0.9999998807907104492
v -0.8314695954322814941 0.5555702447891235352 -1.0000000000000000000
v -0.7483225464820861816 0.5000132322311401367 -0.9999998807907104492
v -0.7071067690849304199 0.7071067690849304199 -1.0000000000000000000
v -0.6363960504531860352 0.6363960504531860352 -0.9999998807907104492
v -0.5000132322311401367 0.7483225464820861816 -0.9999998807907104492
v -0.5555702447891235352 0.8314695954322814941 -1.0000000000000000000
v -0.3826834559440612793 0.9238795042037963867 -1.0000000000000000000
v -0.3444150686264038086 0.8314915299415588379 -0.9999998807907104492
v -0.1950903236865997314 0.9807852506637573242 -1.0000000000000000000
v -0.1755812913179397583 0.8827067017555236816 -1.0000000000000000000
v -1.0000000000000000000 0.0000000000000000000 1.0000000000000000000
v -0.8999999761581420898 0.0000000000000000000 0.9999998211860656738
v -0.9807852506637573242 0.1950903236865997314 1.0000000000000000000
v -0.8827067017555236816 0.1755812913179397583 0.9999998211860656738
v -0.9238795042037963867 0.3826834559440612793 1.0000000000000000000
v -0.8314915895462036133 0.3444150984287261963 1.0000002384185791016
v -0.8314695954322814941 0.5555702447891235352 1.0000000000000000000
v -0.7483226060867309570 0.5000132322311401367 1.0000002384185791016
v -0.7071067690849304199 0.7071067690849304199 1.0000000000000000000
v -0.6363960504531860352 0.6363960504531860352 1.0000002384185791016
v -0.5000132322311401367 0.7483226060867309570 0.9999998211860656738
v -0.5555702447891235352 0.8314695954322814941 1.0000000000000000000
v -0.3826834559440612793 0.9238795042037963867 1.0000000000000000000
v -0.3444150984287261963 0.8314915299415588379 0.9999998211860656738
v -0.1950903236865997314 0.9807852506637573242 1.0000000000000000000
v -0.1755812913179397583 0.8827067017555236816 0.9999998211860656738
v 0.0000000000000000000 -1.0000000000000000000 -1.0000000000000000000
v 0.0000000000000000000 -0.8999999165534973145 -0.9999998807907104492
v 0.1755812913179397583 -0.8827067017555236816 -1.0000000000000000000
v 0.1950903236865997314 -0.9807852506637573242 -1.0000000000000000000
v 0.3444150686264038086 -0.8314915299415588379 -0.9999998807907104492
v 0.3826834559440612793 -0.9238795042037963867 -1.0000000000000000000
v 0.5555702447891235352 -0.8314695954322814941 -1.0000000000000000000
v 0.5000132322311401367 -0.7483225464820861816 -0.9999998807907104492
v 0.6363960504531860352 -0.6363960504531860352 -0.9999998807907104492
v 0.7071067690849304199 -0.7071067690849304199 -1.0000000000000000000
v 0.7483225464820861816 -0.5000132322311401367 -0.9999998807907104492
v 0.8314695954322814941 -0.5555702447891235352 -1.0000000000000000000
v 0.8314915299415588379 -0.3444150686264038086 -0.9999998807907104492
v 0.9238795042037963867 -0.3826834559440612793 -1.0000000000000000000
v 0.8827066421508789062 -0.1755812913179397583 -0.9999998807907104492
v 0.9807852506637573242 -0.1950903236865997314 -1.0000000000000000000
v 0.0000000000000000000 -1.0000000000000000000 1.0000000000000000000
v 0.0000000000000000000 -0.8999999761581420898 0.9999998211860656738
v 0.1755812913179397583 -0.8827067017555236816 0.9999998211860656738
v 0.1950903236865997314 -0.9807852506637573242 1.0000000000000000000
v 0.3444150984287261963 -0.8314915299415588379 0.9999998211860656738
v 0.3826834559440612793 -0.9238795042037963867 1.0000000000000000000
v 0.5555702447891235352 -0.8314695954322814941 1.0000000000000000000
v 0.5000132322311401367 -0.7483226060867309570 0.9999998211860656738
v 0.6363960504531860352 -0.6363960504531860352 1.0000002384185791016
v 0.7071067690849304199 -0.7071067690849304199 1.0000000000000000000
v 0.7483226060867309570 -0.5000132322311401367 1.0000002384185791016
v 0.8314695954322814941 -0.5555702447891235352 1.0000000000000000000
v 0.8314915895462036133 -0.3444150984287261963 1.0000002384185791016
v 0.9238795042037963867 -0.3826834559440612793 1.0000000000000000000
v 0.8827067017555236816 -0.1755812913179397583 0.9999998211860656738
v 0.9807852506637573242 -0.1950903236865997314 1.0000000000000000000
v 0.0000000000000000000 0.8999999165534973145 -0.9999998807907104492
v 0.0000000000000000000 1.0000000000000000000 -1.0000000000000000000
v 0.1755812913179397583 0.8827066421508789062 -0.9999998807907104492
v 0.1950903236865997314 0.9807852506637573242 -1.0000000000000000000
v 0.3444150686264038086 0.8314915299415588379 -0.9999998807907104492
v 0.3826834559440612793 0.9238795042037963867 -1.0000000000000000000
v 0.8999999165534973145 0.0000000000000000000 -0.9999998807907104492
v 1.0000000000000000000 0.0000000000000000000 -1.0000000000000000000
v 0.8827067017555236816 0.1755812913179397583 -0.9999998211860656738
v 0.9807852506637573242 0.1950903236865997314 -1.0000000000000000000
v 0.8314915299415588379 0.3444150686264038086 -0.9999998807907104492
v 0.9238795042037963867 0.3826834559440612793 -1.0000000000000000000
v 0.5000132322311401367 0.7483225464820861816 -0.9999998807907104492
v 0.7483225464820861816 0.5000132322311401367 -0.9999998807907104492
v 0.6363960504531860352 0.6363960504531860352 -0.9999998807907104492
v 0.7071067690849304199 0.7071067690849304199 -1.0000000000000000000
v 0.5555702447891235352 0.8314695954322814941 -1.0000000000000000000
v 0.8314695954322814941 0.5555702447891235352 -1.0000000000000000000
v 0.0000000000000000000 0.8999999761581420898 0.9999998211860656738
v 0.0000000000000000000 1.0000000000000000000 1.0000000000000000000
v 0.1755812913179397583 0.8827067017555236816 0.9999998211860656738
v 0.1950903236865997314 0.9807852506637573242 1.0000000000000000000
v 0.3444150984287261963 0.8314915299415588379 1.0000002384185791016
v 0.3826834559440612793 0.9238795042037963867 1.0000000000000000000
v 0.8999999761581420898 0.0000000000000000000 0.9999998211860656738
v 1.0000000000000000000 0.0000000000000000000 1.0000000000000000000
v 0.8827067017555236816 0.1755812913179397583 0.9999998211860656738
v 0.9807852506637573242 0.1950903236865997314 1.0000000000000000000
v 0.8314915299415588379 0.3444150984287261963 0.9999998211860656738
v 0.9238795042037963867 0.3826834559440612793 1.0000000000000000000
v 0.5000132322311401367 0.7483226060867309570 1.0000002384185791016
v 0.7483226060867309570 0.5000132322311401367 0.9999998211860656738
v 0.6363960504531860352 0.6363960504531860352 1.0000002384185791016
v 0.7071067690849304199 0.7071067690849304199 1.0000000000000000000
v 0.5555702447891235352 0.8314695954322814941 1.0000000000000000000
v 0.8314695954322814941 0.5555702447891235352 1.0000000000000000000
v -0.7487835884094238281 -0.5174051523208618164 0.1027480810880661011
v -0.8781372904777526855 -0.2192272245883941650 0.1405572295188903809
v -0.8976933360099792480 -0.0590599253773689270 0.1720479130744934082
v -0.5174051523208618164 -0.7487835884094238281 0.1027480810880661011
v -0.2192271947860717773 -0.8781374096870422363 0.1405572146177291870
v -0.0590599551796913147 -0.8976934552192687988 0.1720478981733322144
v -0.6439569592475891113 -0.6439569592475891113 0.0978825986385345459
v 0.6478414535522460938 0.6478414535522460938 -0.1152279973030090332
v 0.0629445165395736694 0.9015778899192810059 -0.1893932819366455078
v 0.2231118232011795044 0.8820218443870544434 -0.1579025983810424805
v 0.5212896466255187988 0.7526680827140808105 -0.1200934797525405884
v 0.9015778899192810059 0.0629445165395736694 -0.1893932819366455078
v 0.8820218443870544434 0.2231118232011795044 -0.1579025983810424805
v 0.7526680827140808105 0.5212896466255187988 -0.1200934797525405884
v -0.7244381726413029465 -0.6859883952650462913 -0.7212767823728097882
v -0.7738188214666298359 -0.6258179077468423168 0.0728616314230373235
v -0.5770201915241417456 -0.8138660769844137111 -0.7169006371936202937
v -0.6368256112308359196 -0.7647850316049146224 0.0724195611494678898
v -0.7307409150807265830 -0.5214365102263657237 -0.6858359772809135002
v -0.6887009299076496394 -0.5726623759448531414 0.0653710946888958061
v -0.6152296326812142224 -0.6537668913494368850 -0.6896027309220605916
v -0.5637349692805525558 -0.6960274956035668037 0.0655461528052709019
v -0.8447093026699588059 -0.5308004933631127464 -0.7134569785062186975
v -0.8462533219737363721 -0.5279118362602808201 -0.6800402307936938007
v -0.9861117071193498118 -0.1410099869702572395 -0.4455866831896887481
v -0.9917908304661857688 -0.0833489687283713171 0.1455345692873402930
v -0.4753042390135129303 -0.7615297861706201710 -0.6823997388536017228
v -0.4729928183162066535 -0.7627652669893442150 -0.6526896031521948194
v -0.1243263963622654733 -0.8877548338535509176 -0.4161690303239800048
v -0.0740968720241276246 -0.8927020348616154788 0.1559820966705318668
v -0.5555702447891235352 -0.8314695954322814941 -0.7160392086534494993
v -0.5555702447891235352 -0.8314695954322814941 -0.1516065055549908613
v -0.7071067690849304199 -0.7071067690849304199 -0.7221249042135372553
v -0.7071067690849304199 -0.7071067690849304199 0.0695970686805813116
v -0.7483225558705420832 -0.5000132322311401367 -0.6849756220283851338
v -0.7483225722180264494 -0.5000132322311401367 -0.1364451516554585353
v -0.6363960504531860352 -0.6363960504531860352 -0.6904527706987348967
v -0.6363960504531860352 -0.6363960504531860352 0.0641218775496122662
v -0.8314695954322814941 -0.5555702447891235352 -0.7160391969613989493
v -0.8314695954322814941 -0.5555702447891235352 -0.1516063465750727424
v -0.9807852506637573242 -0.1950903236865997314 -0.1285259144226907069
v -0.9807852506637573242 -0.1950903236865997314 0.1229742221609842756
v -0.8999999282668863509 0.0000000000000000000 -0.6069638232879884798
v -0.8999999518620432903 0.0000000000000000000 0.1847581489057995852
v -0.8966606747866583405 -0.0339039552965645294 -0.6138089604484198158
v -0.8900277232140163530 -0.1012495712493781397 0.1533070051767160269
v -0.8827067017555236816 -0.1755812913179397583 -0.1156733482747097363
v -0.8827067017555236816 -0.1755812913179397583 0.1459825134662674773
v -0.5000132322311401367 -0.7483225558705397518 -0.6849756333910245187
v -0.5000132322311401367 -0.7483225722180186779 -0.1364452326998468468
v -0.1950903236865997314 -0.9807852506637573242 -0.1285258587061741120
v -0.1950903236865997314 -0.9807852506637573242 0.1229742287959268154
v 0.0000000000000000000 -1.0000000000000000000 -0.6293593963196354446
v 0.0000000000000000000 -1.0000000000000000000 0.1623625671382861457
v -0.0354559228027580900 -0.9965078910308509119 -0.6365178740518593337
v -0.1111929915176302075 -0.9890484293655155135 0.1399129328039326048
v -0.1755812913179397583 -0.8827066685058749806 -0.1156730904947778638
v -0.1755812913179397583 -0.8827066763038025066 0.1459819019114043381
v -0.8930998780588419450 0.0700575223948573245 0.2019932519256316117
v -0.8863988473793534828 0.1380938894349867385 -0.5729908752695780372
v -0.9963515640643647586 0.0370431346866626487 -0.6202463147667938159
v -0.9885581729011611030 0.1161706412723399195 0.1909421141661613863
v -0.9685385746150653175 0.2354622098779709516 -0.5695803390503342278
v -0.9618718329314606130 0.2574395150216394201 -0.3352721329961187435
v -0.8676690016208788991 0.4878459154694324562 0.2165470852676399383
v -0.8636352551163556379 0.4953925248044369067 0.3038482536844763771
v -0.6687714010085145100 0.5969465960795623527 -0.4214892261602070089
v -0.7118801114609374370 0.5444185129259202505 0.3488143497497509515
v -0.7855853837136178575 0.6114803118736299448 -0.2620912041592404207
v -0.7464828717461224894 0.6591268548867275090 0.3667544584229244786
v -0.5431522429862106760 0.7129192722360082612 -0.3673833402508160928
v -0.5956803265002466041 0.6698105844446520241 0.4029202409441739463
v -0.6606190144916913587 0.7452582878598481564 -0.3864481872041275468
v -0.6114803200230050084 0.7855853770255978308 0.2620910966026620548
v -0.4970928355469348414 0.8627264201403166410 -0.3235178970835651535
v -0.4878459202330872602 0.8676689990746525583 -0.2165471403748555068
v -0.2574395168628390018 0.9618718323729389397 0.3352721133664068320
v -0.2373027391440450107 0.9679802562453735382 0.5499577735126147671
v -0.1180780959453144874 0.9883703047244168927 -0.2104966941876571240
v -0.0389505935675613507 0.9961636954731755145 0.6006916916070832446
v -1.0000000000000000000 0.0000000000000000000 0.1623625638762553891
v -1.0000000000000000000 0.0000000000000000000 -0.6293594200587473431
v -0.8827066551515901915 0.1755812913179397583 -0.5637684638732460840
v -0.8827066696497638532 0.1755812913179397583 -0.0772905544548587314
v -0.9807852506637573242 0.1950903236865997314 -0.5813645737290881188
v -0.9807852506637573242 0.1950903236865997314 -0.0858783376019905675
v -0.7483225754755352677 0.5000132322311401367 -0.0271411078037541095
v -0.7483225861402699186 0.5000132322311401367 0.3307080264083587240
v -0.8314695954322814941 0.5555702447891235352 -0.0301566079567120171
v -0.8314695954322814941 0.5555702447891235352 0.3245290922253202814
v -0.6363960504531860352 0.6363960504531860352 -0.4054036449317857116
v -0.6363960504531860352 0.6363960504531860352 0.3863183445747047084
v -0.7071067690849304199 0.7071067690849304199 -0.4054036378244286754
v -0.7071067690849304199 0.7071067690849304199 0.3863183420876684648
v -0.5000132322311401367 0.7483225658597540964 -0.3497933360792788715
v -0.5000132322311401367 0.7483225770932738774 0.0271409807489715500
v -0.5555702447891235352 0.8314695954322814941 -0.3436143919011461767
v -0.5555702447891235352 0.8314695954322814941 0.0301565151305958623
v -0.1755812913179397583 0.8827067017555236816 0.0772904892638171248
v -0.1755812913179397583 0.8827067017555236816 0.5446831484039644788
v -0.1950903236865997314 0.9807852506637573242 0.0858783134591481478
v -0.1950903236865997314 0.9807852506637573242 0.5622792312106303925
v 0.0000000000000000000 0.8999999402808109839 -0.2038434654007776070
v 0.0000000000000000000 0.8999999638759674792 0.5878784902029715598
v -0.0684174371610741655 0.8932614000072732763 -0.2206750853921802535
v -0.1364538031572733734 0.8865604156232632649 0.5543090299118985653
v 0.1552114514462980543 -0.9847129828004900221 -0.5911752926878675041
v 0.0797926600910445760 -0.9921410968337701641 0.1819926423493308798
v 0.0352665725495736326 -0.8965264689571713630 -0.5982877504181790540
v 0.1049572932887047894 -0.8896625451636900328 0.1955406789240987375
v 0.2133369333692597958 -0.8712536537688957416 -0.5527478847772726578
v 0.2338113883975436735 -0.8650427961805055022 -0.3102081523848154165
v 0.4377486281992754580 -0.7816037193827205520 0.1996742477829569484
v 0.4377486213498799072 -0.7816037230437975492 0.1996741597434279480
v 0.4465125069395590729 -0.7769193301409865748 0.3123218167687533131
v 0.4465125069395590174 -0.7769193301409866859 0.3123218167687533131
v 0.6634053756717709360 -0.7429715800632327172 -0.4232229673177374529
v 0.6634053745657342294 -0.7429715809709337426 -0.4232229527201119001
v 0.6052157234631085903 -0.7907265991681474704 0.3447721081806710552
v 0.6052157234631085903 -0.7907265991681474704 0.3447721081806710552
v 0.5517254055152442938 -0.7058834589695692774 -0.2416613006009841469
v 0.5517253994394299976 -0.7058834639558617674 -0.2416613897004003531
v 0.5933513556607491468 -0.6717219215823991840 0.3687668041890673210
v 0.5933513552155932347 -0.6717219219477292835 0.3687667976610320419
v 0.7918777850325019463 -0.6038129995959659047 -0.3632854517281907114
v 0.7918777852137024453 -0.6038129993751722990 -0.3632854546422541464
v 0.7441227658243714238 -0.6620026519303969792 0.4047096254301316143
v 0.7441227668990567645 -0.6620026506208893657 0.4047096081470685780
v 0.6706232965644161048 -0.5946900562125297940 -0.3883979609854550374
v 0.6706232965644161048 -0.5946900562125297940 -0.3883979609854550374
v 0.7058834702281574502 -0.5517254368865817105 0.2416611981805899256
v 0.7058834752144519387 -0.5517254308107680805 0.2416612872799964173
v 0.7761038516366348672 -0.4480381333555807366 -0.3319314315955910755
v 0.7761038514656990461 -0.4480381336753787025 -0.3319314357061540210
v 0.7816037019020509735 -0.4377486505629061275 -0.1996742745908457461
v 0.7816037055631321895 -0.4377486437135138519 -0.1996741865513234071
v 0.8650427971050855813 -0.2338113750709115979 0.3102080507913868024
v 0.8707525818058753364 -0.2149887394239183014 0.5331804102596293671
v 0.8896625330921915653 -0.1049572975160806138 -0.1955407866816550322
v 0.8963578380814634095 -0.0369790640944587107 0.5787811559560933627
v 0.0000000000000000000 -0.8999999282668870171 -0.6069638022868090177
v 0.0000000000000000000 -0.8999999518620437344 0.1847581640337928321
v 0.1950903236865997314 -0.9807852506637573242 -0.5813645561916642723
v 0.1950903236865997314 -0.9807852506637573242 -0.0858782924747478749
v 0.1755812913179397583 -0.8827067017555236816 -0.5637684546303541877
v 0.1755812913179397583 -0.8827067017555236816 -0.0772905706810116250
v 0.5555702447891235352 -0.8314695954322814941 -0.0301564987854749042
v 0.5555702447891235352 -0.8314695954322814941 -0.0301566175343141105
v 0.5555702447891235352 -0.8314695954322814941 0.3245290827358504049
v 0.5555702447891235352 -0.8314695954322814941 0.3245290827358504604
v 0.5000132322311401367 -0.7483225754755445935 -0.0271409974604520030
v 0.5000132322311401367 -0.7483225754755411518 -0.0271411114460377995
v 0.5000132322311401367 -0.7483225861402780232 0.3307080232068744796
v 0.5000132322311401367 -0.7483225861402780232 0.3307080232068744796
v 0.7071067690849304199 -0.7071067690849304199 -0.4054036515896456971
v 0.7071067690849304199 -0.7071067690849304199 -0.4054036469364739048
v 0.7071067690849304199 -0.7071067690849304199 0.3863183500774847734
v 0.7071067690849304199 -0.7071067690849304199 0.3863183322892838056
v 0.6363960504531860352 -0.6363960504531860352 -0.4054036501501882550
v 0.6363960504531860352 -0.6363960504531860352 -0.4054036501501882550
v 0.6363960504531860352 -0.6363960504531860352 0.3863183468940158960
v 0.6363960504531860352 -0.6363960504531860352 0.3863183393966408419
v 0.8314695954322814941 -0.5555702447891235352 -0.3436143919011462322
v 0.8314695954322814941 -0.5555702447891235352 -0.3436144063604034682
v 0.8314695954322814941 -0.5555702447891235352 0.0301563558563490985
v 0.8314695954322814941 -0.5555702447891235352 0.0301564746051750515
v 0.7483225658597500995 -0.5000132322311401367 -0.3497933360792797597
v 0.7483225658597499885 -0.5000132322311401367 -0.3497933412408573139
v 0.7483225770932635523 -0.5000132322311401367 0.0271408513518893932
v 0.7483225770932669940 -0.5000132322311401367 0.0271409653374515142
v 0.9807852506637573242 -0.1950903236865997314 0.0858783134591482034
v 0.9807852506637573242 -0.1950903236865997314 0.5622792151735520605
v 0.8827066742566391788 -0.1755812913179397583 0.0772905076271703240
v 0.8827066881860267111 -0.1755812913179397583 0.5446831266277731842
v 1.0000000000000000000 0.0000000000000000000 0.6102740747565493784
v 1.0000000000000000000 0.0000000000000000000 -0.1814478845140284624
v 0.9923201595978821121 -0.0779746081352514775 -0.2006306959589369832
v 0.9848920457551992858 -0.1533933975553422313 0.5725372192396279702
v 0.1012495779933053203 0.8900277134119813915 -0.1533071415996382081
v 0.0355502827437576552 0.8964985614634112254 0.5950560235922907060
v 0.0814498871957019810 0.9919778739593216876 -0.1650033107070335014
v 0.1410099836230404857 0.9861117074490223233 0.4455866488751549226
v 0.5279118311078700998 0.8462533247277571613 0.6800401711892467560
v 0.5291356926167657404 0.8455991571586701783 0.6941981241140641190
v 0.8927020307482075312 0.0740968193914862405 -0.1559827557995695224
v 0.8877548574977429663 0.1243264081543534183 0.4161691050398668712
v 0.9963280726149473798 0.0372816470081352644 0.6178011671350150946
v 0.9888686110688071906 0.1130187145128014325 -0.1586296273141548085
v 0.7627653097452807840 0.4729928252978920500 0.6526897722637247101
v 0.7623299776036754904 0.4738072747178478372 0.6631583957966125098
v 0.5726624374642931281 0.6887009072740362114 -0.0653716392192963819
v 0.5227344327830452109 0.7296757871487816738 0.6668028136637739189
v 0.6960275061244477479 0.5637349177663397715 -0.0655465506129693093
v 0.6548379102463719459 0.6139245812203683039 0.6704650247432650811
v 0.6243674331707087521 0.7750091953297708613 -0.0920051954301178282
v 0.6845379242735363245 0.7256285435626190772 0.7021332656760878033
v 0.7636018803067218252 0.6382672850871653480 -0.0914469720397311503
v 0.8126829263299645278 0.5784618645960672989 0.6978732366560262967
v 0.1755812913179397583 0.8827066676025826508 -0.1459825455763344160
v 0.1755812913179397583 0.8827066754005367111 0.1156733359215276202
v 0.0000000000000000000 1.0000000000000000000 -0.1814478769641196532
v 0.0000000000000000000 1.0000000000000000000 0.6102740654411630272
v 0.1950903236865997314 0.9807852506637573242 -0.1420595452375687240
v 0.1950903236865997314 0.9807852506637573242 0.1285258797690460308
v 0.5000132322311401367 0.7483225803507770335 0.1364448716342860912
v 0.5000132322311401367 0.7483225961294804884 0.6658903333944785619
v 0.8827067017555236816 0.1755812913179397583 -0.1459826874654452378
v 0.8827067017555236816 0.1755812913179397583 0.1156733882209591002
v 0.8999999402808109839 0.0000000000000000000 -0.2038434656298189485
v 0.8999999638759679232 0.0000000000000000000 0.5878785060903854998
v 0.9807852506637573242 0.1950903236865997314 -0.1420595421084300536
v 0.9807852506637573242 0.1950903236865997314 0.1285259235981895953
v 0.8314695954322814941 0.5555702447891235352 0.1516058372930045584
v 0.8314695954322814941 0.5555702447891235352 0.6969539037756679045
v 0.6363960504531860352 0.6363960504531860352 -0.0641223527644571301
v 0.6363960504531860352 0.6363960504531860352 0.6713674758555199240
v 0.7483225803507834728 0.5000132322311401367 0.1364448516773809350
v 0.7483225961294910356 0.5000132322311401367 0.6658903426358586675
v 0.7071067690849304199 0.7071067690849304199 -0.0886823766052899087
v 0.7071067690849304199 0.7071067690849304199 0.7030396358522734701
v 0.5555702447891235352 0.8314695954322814941 0.1516058797284978721
v 0.5555702447891235352 0.8314695954322814941 0.6969538942567113926
v -0.8873557219337346869 -0.1283789072737021586 -0.3924102175117175628
v -0.9834504143255634601 -0.1680305045673978481 -0.2871715067685940426
v -0.9895585680867058365 -0.1060134741322874274 -0.6507633137045970573
v -0.8912610421024331764 -0.0887274505468465119 -0.6248777129033258326
v -0.8471747527342875506 -0.5261879604611103822 -0.7129761271896338792
v -0.7635852426672660176 -0.4714587648725496738 -0.6819988527716139837
v -0.8362196827939855082 -0.5466834558980206982 -0.3213948342575107531
v -0.9946453827178992624 -0.0543662579460511969 -0.6403358494746440588
v -0.8996851347795866705 0.0031961472319347564 -0.6061775282483364835
v -0.8229429005398329888 -0.5659600513389002607 0.0752655238432070328
v -0.7406908952404598345 -0.5093124591518978228 0.0666128561580071610
v -0.8714848492448769024 -0.2125747839706700060 0.1108529691146904750
v -0.8730019682351679577 -0.2075735125524792446 0.1156022473406112805
v -0.7071067690849304199 -0.7071067690849304199 -0.7221249042135372553
v -0.6363960504531860352 -0.6363960504531860352 -0.6904527706987348967
v -0.5331112443040157967 -0.7211597169547865338 -0.6863048622449425817
v -0.5562694805630979955 -0.8308957473943991978 -0.7160672902261904227
v -0.5261879604611103822 -0.8471747527342875506 -0.7129761271896337682
v -0.4714587615045187086 -0.7635852375231733102 -0.6819988508652745640
v 0.0519843531933506173 -0.9948799802207435317 -0.6165705465166488874
v 0.0138635325465910550 -0.8986344874908712699 -0.6035531869111716574
v -0.1060134982043499652 -0.9895585657158110227 -0.6507633030923555273
v -0.0887274446672556422 -0.8912610237406973779 -0.6248776903607924371
v -0.5093124613840991355 -0.7406908974726611472 0.0666128661251581961
v -0.5468277305515087949 -0.8361425663893374827 -0.3186386397787578373
v -0.4854510496888467252 -0.7561062115924814808 -0.4146663048444004240
v -0.2351417316716234440 -0.9686357906023292941 0.1167254246692326358
v -0.1795627387899520477 -0.9823145866448981245 -0.2195606046841238890
v -0.0590409554417261062 -0.8941849155412785466 0.1574656948341602025
v -0.0558642903438385380 -0.8944977902356644472 0.1577787209572087679
v -0.2125746578100076445 -0.8714848720958175976 0.1108525245725796721
v -0.7286833450004104318 -0.6808156383952481683 -0.7210690425100975132
v -0.6841120943668252963 -0.5782538877460760007 -0.6881177592126536124
v -0.6413057324303752527 -0.6304135861718942468 0.0642391392343432122
v -0.5156735671468737348 -0.7354704724316987186 0.0664881827100374523
v -0.6363960504531860352 -0.6363960504531860352 0.0641218775496122662
v -0.7882537441659112076 -0.6082289056424821094 0.0735680061956898584
v -0.6646389504343331867 -0.7419592112980395449 0.0713025767372629793
v -0.7071067690849304199 -0.7071067690849304199 0.0695970686805813116
v -0.9887469247354413460 -0.1142542146876487363 0.1392948632455494329
v -0.9686357831782443917 -0.2351417561455550476 0.1167254206131759786
v -0.9944107061864507768 -0.0567489650884015137 0.1509050556974040891
v -0.8961784554378359191 -0.0388002422396087204 0.1769244538041869763
v -0.5659600513389002607 -0.8229429005398329888 0.0752655238432070328
v -0.1778999355334102694 -0.9824783587232163162 0.1264449349887331597
v -0.0567490048710119904 -0.9944107022681996089 0.1509050641933415704
v -0.8895851810727339881 0.1057425479206502011 -0.5809497458682928439
v -0.9893504691328673939 0.1081263350160157066 -0.6027588992289383274
v -0.8483225326367447305 0.2889306758973930744 -0.5306826809060759542
v -0.9457643904240169430 0.3105386443820525311 -0.5476661208528874614
v -0.9832892155715943217 0.1696671804635754288 -0.5876190130358210917
v -0.8725771632647558729 0.2089737872578757705 -0.5540214599794245354
v -0.9878856490561732651 0.1229988799503310831 0.1926219528322612451
v -0.8900229947619709980 0.1012975970121585134 0.2096787346915481298
v -0.8897144906978796675 0.1044298828575226934 0.1975782344129119739
v -0.9799780043086697701 0.1977514586628511262 -0.0965227510351790857
v -0.8944977822193846961 -0.0558643717345209123 0.1577792320582140917
v -0.8947246307975491586 -0.0535611437952422734 0.1603633552243474703
v -0.5457538379886517355 0.7107841982105145284 -0.3684441447257995605
v -0.6164645579560936728 0.7814949181779564658 -0.3684441447257995605
v -0.5701110094811724371 0.6907947824331232001 -0.3783758159125483744
v -0.6896600252484929028 0.7214249434269932593 -0.3982897006617217017
v -0.6939540497305723976 0.5662614568226166378 -0.3019620187986497006
v -0.8088410185001322361 0.5831432422737630183 -0.1445390841953438921
v -0.6701701865093075972 0.5952421711374843438 -0.4221842081193932228
v -0.7527473922085039515 0.6514935155269593325 -0.4280800301886646397
v -0.4219220930930733249 0.7900631663481509914 -0.3229563236363314771
v -0.5339756693004473753 0.8430121358669733223 -0.3361931427802461458
v -0.5791673398373636816 0.8121039576929749426 0.1280455418920010136
v -0.5622855566406723682 0.6972169772579038804 0.2854684554724736811
v -0.4054587773559368835 0.7988629955282987583 -0.3172984989968246072
v -0.4618093260636556563 0.8815858478286332511 -0.3113922791136837787
v -0.0966530363881111798 0.8904804415195123335 -0.2276214246018746501
v -0.1183543119881644845 0.9883430997768535287 -0.2105646470901723633
v 0.0004201535517880908 0.9999586184233651975 -0.1813630487612637732
v -0.9938967048123067416 0.0619677005869691683 0.1776074608428845347
v -0.8902731584353358318 0.0987576463320642278 0.2090538726246019829
v -0.7779929592053582699 0.6207317068020989925 0.3510987758636474609
v -0.7072822600344278454 0.5500210076311685681 0.3510987758636474609
v -0.8315849277351392566 0.5553544732148816276 0.3244549396099590810
v -0.7252617389200396447 0.5281129538577430393 0.3421657337836822022
v -0.8790268437199093565 0.4665968862818187790 0.2939522663993807128
v -0.7963040156240586143 0.4102463417707956084 0.2998584865895777551
v -0.6473046020713719706 0.7561851450478417336 0.4107027607604112340
v -0.5910532510168446940 0.6736079295643209175 0.4048069379925616218
v -0.7186836944078114353 0.6930002464447840849 0.3805663875830919696
v -0.6226932643157454539 0.6476416373840857554 0.3919056772843308445
v 0.0180568269388817100 0.8982214954267258022 -0.2001978263666437940
v 0.0507613281548301154 0.8950003793415316489 -0.1635047893595241997
v -0.0972592978324967744 0.8904207300929543045 -0.2252793439683304366
v -0.1910923649397489599 0.9811790158373739912 0.0704335867807786981
v -0.3060917688654944957 0.9471133351728948657 0.5298788016468861661
v -0.2844838088059274406 0.8496714865959156260 0.5128953683220321969
v -0.1041582630440091167 0.9897412907115570313 0.5846497321720228735
v -0.1017744774534791313 0.8899760365908240267 0.5628406070992275634
v -0.2419249293097419096 0.9665781303866407548 0.5486085941306333424
v -0.1865140363662635969 0.8793902900389960475 0.5414919697805657961
v 0.2472514366865390112 -0.9649623522680413901 -0.5661391512731358544
v 0.1918405001067712001 -0.8777745250432333890 -0.5590225236619466020
v 0.1081262840882562665 -0.9893504741488216014 -0.6027588742657471466
v 0.1057425047939305751 -0.8895852087281290732 -0.5809497258541880260
v 0.3105386637871345723 -0.9457643845375504066 -0.5476661104345088571
v 0.2889306774422592539 -0.8483225398908549320 -0.5306826677613385446
v 0.2303564293902651550 -0.9700873959733804508 -0.2269410150047722619
v 0.2440800018514192871 -0.8619278458307492174 -0.3512821117577271668
v -0.0387995654481271268 -0.8961785220960858389 0.1769246080696845747
v 0.4278396902159946613 -0.7869001566420155136 0.2357701620033710588
v 0.5406555392187860631 -0.8394416712069323605 0.0241742415627990738
v 0.6514935456451743656 -0.7527473674911207002 -0.4280800357900523267
v 0.5952421904244887818 -0.6701701534606226973 -0.4221842039805872582
v 0.4278397457917771374 -0.7869001269361424189 0.2357698467221011340
v 0.5406555688006986493 -0.8394416553950714288 0.0241740152924753045
v 0.6514935155269593325 -0.7527473922085039515 -0.4280800301886646397
v 0.5952421636133982119 -0.6701701754639181052 -0.4221842073307778831
v 0.6271164194287917049 -0.6440116474803021518 -0.4091874343701136785
v 0.7220662847909986581 -0.6888785486284852988 -0.3979710643334174458
v 0.6271164637909321105 -0.6440116110732312382 -0.4091874162813807780
v 0.7220663144954109214 -0.6888785124335585763 -0.3979710495748786658
v 0.7988629840247472025 -0.4054588090505941711 -0.3172985056217080269
v 0.8815858303150214681 -0.4618093588293205043 -0.3113922770061867684
v 0.7988629995144969076 -0.4054587800713225221 -0.3172984987122193234
v 0.8815858478286332511 -0.4618093260636557118 -0.3113922791136837231
v 0.7285706868603641917 -0.5240809639908630135 -0.3596069918173427360
v 0.8338790524430583773 -0.5510624675281006191 -0.3420652372047215395
v 0.7814949181779564658 -0.6164645579560936728 -0.3684441447257995605
v 0.7107842085483214722 -0.5457538483264586793 -0.3684441447257995605
v 0.7285707181574538893 -0.5240809258552524552 -0.3596069814136879095
v 0.8338790758411214199 -0.5510624237534010872 -0.3420652375223866004
v 0.7814949181779564658 -0.6164645579560936728 -0.3684441447257995605
v 0.7107842085483214722 -0.5457538483264586793 -0.3684441447257995605
v 0.7899427795989222290 -0.4221473355559079987 -0.2565061669424353319
v 0.8424842938383640956 -0.5349631923329540850 -0.0449102478126209501
v 0.7899427496704063412 -0.4221473915482237826 -0.2565058502348595004
v 0.8424842778038615920 -0.5349632223313999235 -0.0449100201159852858
v 0.8905288511442679411 -0.0961614265913077887 -0.2275004841612437712
v 0.9941524099409437820 -0.0593714868429759679 -0.1960540775052932727
v 0.0056084075270681905 -0.9994476192218471056 0.1637423103567623994
v 0.1012975720288396275 -0.8900229972226171293 0.2096787400769906939
v 0.1229988753849546729 -0.9878856495058243592 0.1926219571432788713
v 0.4102463612739877807 -0.7963039861019132193 0.2998584943541452996
v 0.4665969191081474898 -0.8790268261738720668 0.2939522641473936715
v 0.4102463322340519358 -0.7963040016240802155 0.2998584875891441293
v 0.4665968862818187790 -0.8790268437199093565 0.2939522663993807128
v 0.4276021813374861202 -0.7870271083230305775 0.3058230434056174452
v 0.5396557500223424508 -0.8399760696363975931 0.3190598644908973491
v 0.4276022411702352088 -0.7870270763417643867 0.3058230639679009877
v 0.5396558014897445688 -0.8399760421264995669 0.3190598821783237060
v 0.5746423724099316566 -0.6870759966115124184 0.3611381847573914006
v 0.6941913768716601041 -0.7177061588128582637 0.3810520783007682044
v 0.5746424154988200028 -0.6870759612493539947 0.3611381964806419931
v 0.6941914237716481084 -0.7177061203230282738 0.3810520799814197668
v 0.5500209970094377399 -0.7072822494126970172 0.3510987758636474609
v 0.6207317068020989925 -0.7779929592053582699 0.3510987758636474609
v 0.5500209970094376288 -0.7072822494126969062 0.3510987758636474609
v 0.6207317068020989925 -0.7779929592053582699 0.3510987758636474609
v 0.6736079189532765410 -0.5910532855604058167 0.4048069354062699965
v 0.7561851203451435133 -0.6473046321716932061 0.4107027663133646089
v 0.6736079409418945785 -0.5910532587672137073 0.4048069388048941564
v 0.7561851450478417336 -0.6473046020713720816 0.4107027607604112340
v 0.8629979015997626401 -0.2405525035126193922 0.3371722410316476681
v 0.9711574533781233143 -0.2268289223678900957 0.2128311948939476672
v 0.9883430997768535287 -0.1183543119881644706 -0.2105646470901723633
v 0.8904804319366430576 -0.0966530342630872730 -0.2276214262721018011
v 0.8944977703019820758 0.0558643972496242203 -0.1577793661660256419
v 0.8734289411761848587 -0.2061659558845693740 0.5357557080459689480
v 0.9835449188701645973 -0.1670709853005344914 0.5691723465711178154
v 0.8496715069544353849 -0.2844838133204772856 0.5128953718703799236
v 0.9471133351728948657 -0.3060917688654944957 0.5298788016468861661
v 0.8899760365908240267 -0.1017744774534791313 0.5628406070992274524
v 0.9897412907115570313 -0.1041582630440091167 0.5846497321720228735
v 0.0607357565677484543 0.9940180408943752877 -0.1691854500290748686
v 0.1835432433245462736 0.9819225405637871384 -0.1443908772501631133
v 0.5668324456374983500 0.8222269449564042487 -0.0943158019776406537
v 0.8982214954267258022 0.0180568269388816476 -0.2001978263666437940
v 0.9940180408943751766 0.0607357565677484543 -0.1691854500290748964
v 0.9677138086410919104 0.2381810993058762760 -0.1353365439980220020
v 0.9886047356972854638 0.1156978819972290656 -0.1580887088561953591
v 0.7071067690849304199 0.7071067690849304199 -0.0886823766052899087
v 0.6672512503955559948 0.7398153518690706587 -0.0902829802509573509
v 0.7896897208180573280 0.6064791632377189989 -0.0927235838245797084
v 0.7329646543077846799 0.5187269003088249564 -0.0664287807017830273
v 0.7406908920612582659 0.5093124581877591650 -0.0666133233744913983
v 0.6363960504531860352 0.6363960504531860352 -0.0641223527644571301
v 0.6855480797213606703 0.5765041545532938461 0.6689622292100573242
v 0.7301193323693652149 0.6790658829320175283 0.7019135178913611384
v 0.0558643972496242272 0.8944977703019820758 -0.1577793661660256141
v 0.1702230764900563020 0.9832344645075538070 0.2743168915890407678
v 0.1305714875429484778 0.8871397688267851356 0.3795555835674242484
v 0.2381810993058762760 0.9677138086410919104 -0.1353365439980220020
v 0.2125748012713148949 0.8714848219700104259 -0.1108530346488623419
v 0.2046531180595336230 0.8738878355327890368 -0.1183755665011515246
v 0.6273400381994211905 0.6438281322399753703 -0.0642998694645480762
v 0.5488749849712337703 0.8350482861645575072 0.2795237397081121733
v 0.0918744183887415938 0.8909511101012383971 0.6064277577393951679
v 0.1091604356388811009 0.9892486189545430797 0.6323133463101414664
v -0.0467648319379987548 0.9953940589852950938 0.5987692830778201802
v -0.0086440156946331927 0.8991486012657861071 0.5857519451935150334
v 0.5093124604199601446 0.7406908942934595785 -0.0666133333416433493
v 0.4724522842531195810 0.7630542276369514099 0.6630171375610189877
v 0.5271814625624338113 0.8466437148269904123 0.6939943979907510219
v 0.5357235773865576256 0.7190158650629204784 0.6673244546383811926
v 0.5588818123998572363 0.8287518618058504760 0.6970868863328147924
v 0.6363960504531860352 0.6363960504531860352 0.6713674758555199240
v 0.7071067690849304199 0.7071067690849304199 0.7030396358522734701
v 0.8938045840802091302 0.0629024244466758475 -0.1570858437956439702
v 0.8714848388701755821 0.2125748181714793850 -0.1108531101109208883
v 0.8909511101012383971 0.0918744183887415800 0.6064277577393951679
v 0.9892486189545431907 0.1091604356388811009 0.6323133463101414664
v 0.8222269449564042487 0.5668324456374982390 -0.0943158019776406675
v 0.9817657366023625487 0.1851352982118795454 0.1868899824892562012
v 0.8998454169398454328 -0.0015691388433374124 0.5874924769311741235
v 0.9945031960166476059 0.0558099015286820238 0.6215419858643337347
v 0.7557628964019532658 0.4860934001880910516 0.4023935352843299729
v 0.8357992376992695593 0.5474700533882402853 0.3063659210190493587
v 0.7630542330881069368 0.4724522878221960043 0.6630171395811518265
v 0.8466437148269904123 0.5271814625624338113 0.6939943979907510219